[6600]
[6600, 9138]
[2532, 6600, 9138]
[703, 2532, 6600, 9138]
[703, 2306, 2532, 6600, 9138]
[703, 2306, 2532, 2583, 6600, 9138]
[703, 2306, 2532, 2583, 3404, 6600, 9138]
[703, 2306, 2532, 2583, 3404, 6282, 6600, 9138]
[703, 2306, 2532, 2583, 3404, 6282, 6600, 9013, 9138]
[703, 1901, 2306, 2532, 2583, 3404, 6282, 6600, 9013, 9138]
[703, 1901, 2306, 2532, 2583, 3404, 5685, 6282, 6600, 9013, 9138]
[703, 1832, 1901, 2306, 2532, 2583, 3404, 5685, 6282, 6600, 9013, 9138]
[703, 1832, 1901, 2306, 2532, 2583, 3404, 5685, 6282, 6600, 9013, 9138, 9957]
[703, 1832, 1901, 2306, 2532, 2583, 3404, 5685, 6282, 6600, 7104, 9013, 9138, 9957]
[703, 1832, 1901, 2306, 2532, 2583, 2883, 3404, 5685, 6282, 6600, 7104, 9013, 9138, 9957]
[703, 1832, 1901, 2306, 2532, 2583, 2883, 3404, 3452, 5685, 6282, 6600, 7104, 9013, 9138, 9957]
[703, 1832, 1901, 2218, 2306, 2532, 2583, 2883, 3404, 3452, 5685, 6282, 6600, 7104, 9013, 9138, 9957]
[703, 1832, 1901, 2218, 2306, 2532, 2583, 2883, 3404, 3452, 5685, 6282, 6314, 6600, 7104, 9013, 9138, 9957]
[703, 1832, 1901, 2218, 2306, 2532, 2583, 2883, 3214, 3404, 3452, 5685, 6282, 6314, 6600, 7104, 9013, 9138, 9957]
[703, 1832, 1901, 2218, 2306, 2532, 2583, 2883, 3214, 3404, 3452, 4543, 5685, 6282, 6314, 6600, 7104, 9013, 9138, 9957]
[703, 1832, 1901, 2218, 2306, 2532, 2583, 2883, 3214, 3404, 3452, 4543, 5685, 6266, 6282, 6314, 6600, 7104, 9013, 9138, 9957]
[703, 1832, 1901, 2218, 2306, 2532, 2583, 2883, 3214, 3404, 3452, 4543, 5685, 6266, 6282, 6314, 6600, 7104, 9013, 9138, 9786, 9957]
[703, 1832, 1901, 2218, 2306, 2532, 2583, 2883, 3214, 3404, 3452, 4543, 5610, 5685, 6266, 6282, 6314, 6600, 7104, 9013, 9138, 9786, 9957]
[703, 1832, 1901, 2218, 2306, 2532, 2583, 2883, 3214, 3404, 3452, 4309, 4543, 5610, 5685, 6266, 6282, 6314, 6600, 7104, 9013, 9138, 9786, 9957]
[703, 1832, 1901, 2218, 2306, 2532, 2583, 2883, 3214, 3404, 3452, 4309, 4543, 5610, 5685, 6266, 6282, 6314, 6600, 7104, 9013, 9138, 9221, 9786, 9957]
[703, 1832, 1901, 2218, 2306, 2532, 2583, 2883, 3214, 3404, 3452, 4309, 4543, 5610, 5685, 6266, 6282, 6314, 6600, 7104, 8599, 9013, 9138, 9221, 9786, 9957]
[703, 1832, 1901, 2218, 2306, 2532, 2583, 2883, 3214, 3404, 3426, 3452, 4309, 4543, 5610, 5685, 6266, 6282, 6314, 6600, 7104, 8599, 9013, 9138, 9221, 9786, 9957]
[703, 1173, 1832, 1901, 2218, 2306, 2532, 2583, 2883, 3214, 3404, 3426, 3452, 4309, 4543, 5610, 5685, 6266, 6282, 6314, 6600, 7104, 8599, 9013, 9138, 9221, 9786, 9957]
[150, 703, 1173, 1832, 1901, 2218, 2306, 2532, 2583, 2883, 3214, 3404, 3426, 3452, 4309, 4543, 5610, 5685, 6266, 6282, 6314, 6600, 7104, 8599, 9013, 9138, 9221, 9786, 9957]
[150, 703, 1173, 1799, 1832, 1901, 2218, 2306, 2532, 2583, 2883, 3214, 3404, 3426, 3452, 4309, 4543, 5610, 5685, 6266, 6282, 6314, 6600, 7104, 8599, 9013, 9138, 9221, 9786, 9957]
[150, 703, 1173, 1799, 1832, 1901, 2218, 2306, 2532, 2583, 2883, 3214, 3404, 3426, 3452, 4309, 4543, 5061, 5610, 5685, 6266, 6282, 6314, 6600, 7104, 8599, 9013, 9138, 9221, 9786, 9957]
[150, 551, 703, 1173, 1799, 1832, 1901, 2218, 2306, 2532, 2583, 2883, 3214, 3404, 3426, 3452, 4309, 4543, 5061, 5610, 5685, 6266, 6282, 6314, 6600, 7104, 8599, 9013, 9138, 9221, 9786, 9957]
[150, 551, 703, 1173, 1799, 1832, 1901, 2218, 2306, 2532, 2583, 2883, 3080, 3214, 3404, 3426, 3452, 4309, 4543, 5061, 5610, 5685, 6266, 6282, 6314, 6600, 7104, 8599, 9013, 9138, 9221, 9786, 9957]
[150, 551, 703, 1173, 1799, 1832, 1901, 2218, 2306, 2532, 2583, 2883, 3080, 3214, 3404, 3426, 3452, 4309, 4543, 5061, 5610, 5685, 6266, 6282, 6314, 6600, 7104, 8599, 8919, 9013, 9138, 9221, 9786, 9957]
[150, 551, 703, 739, 1173, 1799, 1832, 1901, 2218, 2306, 2532, 2583, 2883, 3080, 3214, 3404, 3426, 3452, 4309, 4543, 5061, 5610, 5685, 6266, 6282, 6314, 6600, 7104, 8599, 8919, 9013, 9138, 9221, 9786, 9957]
[150, 551, 703, 739, 1173, 1799, 1832, 1901, 2218, 2306, 2532, 2583, 2883, 3080, 3214, 3404, 3426, 3452, 4309, 4543, 5061, 5610, 5685, 6266, 6282, 6314, 6600, 7104, 8255, 8599, 8919, 9013, 9138, 9221, 9786, 9957]
[150, 551, 703, 739, 1173, 1799, 1832, 1901, 2218, 2306, 2532, 2583, 2883, 3080, 3085, 3214, 3404, 3426, 3452, 4309, 4543, 5061, 5610, 5685, 6266, 6282, 6314, 6600, 7104, 8255, 8599, 8919, 9013, 9138, 9221, 9786, 9957]
[150, 551, 703, 739, 1173, 1799, 1832, 1901, 2218, 2306, 2532, 2583, 2883, 3080, 3085, 3214, 3404, 3426, 3452, 4309, 4543, 5061, 5610, 5685, 6266, 6282, 6314, 6600, 7104, 8255, 8599, 8919, 8993, 9013, 9138, 9221, 9786, 9957]
[150, 551, 703, 739, 1173, 1799, 1832, 1901, 2218, 2306, 2532, 2583, 2883, 3080, 3085, 3214, 3404, 3426, 3452, 4309, 4543, 5061, 5610, 5685, 5864, 6266, 6282, 6314, 6600, 7104, 8255, 8599, 8919, 8993, 9013, 9138, 9221, 9786, 9957]
[150, 551, 703, 739, 1173, 1799, 1832, 1901, 2218, 2306, 2532, 2583, 2883, 3080, 3085, 3214, 3404, 3426, 3452, 3512, 4309, 4543, 5061, 5610, 5685, 5864, 6266, 6282, 6314, 6600, 7104, 8255, 8599, 8919, 8993, 9013, 9138, 9221, 9786, 9957]
[150, 551, 703, 739, 1173, 1799, 1832, 1901, 2218, 2306, 2532, 2583, 2883, 3080, 3085, 3214, 3404, 3426, 3452, 3512, 4309, 4543, 4632, 5061, 5610, 5685, 5864, 6266, 6282, 6314, 6600, 7104, 8255, 8599, 8919, 8993, 9013, 9138, 9221, 9786, 9957]
[150, 551, 703, 739, 1173, 1799, 1832, 1901, 2218, 2306, 2532, 2583, 2883, 2959, 3080, 3085, 3214, 3404, 3426, 3452, 3512, 4309, 4543, 4632, 5061, 5610, 5685, 5864, 6266, 6282, 6314, 6600, 7104, 8255, 8599, 8919, 8993, 9013, 9138, 9221, 9786, 9957]
[150, 551, 703, 739, 1173, 1799, 1832, 1901, 2218, 2306, 2532, 2583, 2883, 2959, 3080, 3085, 3214, 3404, 3426, 3452, 3512, 4309, 4543, 4632, 5061, 5610, 5685, 5864, 6266, 6282, 6314, 6600, 7104, 8255, 8599, 8919, 8993, 9013, 9138, 9221, 9381, 9786, 9957]
[150, 551, 703, 739, 1173, 1799, 1832, 1901, 2218, 2306, 2532, 2583, 2883, 2959, 3080, 3085, 3214, 3404, 3426, 3452, 3512, 4309, 4543, 4632, 5061, 5610, 5685, 5864, 6266, 6282, 6314, 6600, 7045, 7104, 8255, 8599, 8919, 8993, 9013, 9138, 9221, 9381, 9786, 9957]
[150, 551, 703, 739, 1173, 1799, 1832, 1901, 2218, 2306, 2532, 2583, 2657, 2883, 2959, 3080, 3085, 3214, 3404, 3426, 3452, 3512, 4309, 4543, 4632, 5061, 5610, 5685, 5864, 6266, 6282, 6314, 6600, 7045, 7104, 8255, 8599, 8919, 8993, 9013, 9138, 9221, 9381, 9786, 9957]
[150, 551, 703, 739, 1173, 1799, 1832, 1901, 2133, 2218, 2306, 2532, 2583, 2657, 2883, 2959, 3080, 3085, 3214, 3404, 3426, 3452, 3512, 4309, 4543, 4632, 5061, 5610, 5685, 5864, 6266, 6282, 6314, 6600, 7045, 7104, 8255, 8599, 8919, 8993, 9013, 9138, 9221, 9381, 9786, 9957]
[150, 551, 703, 739, 1173, 1799, 1832, 1901, 1909, 2133, 2218, 2306, 2532, 2583, 2657, 2883, 2959, 3080, 3085, 3214, 3404, 3426, 3452, 3512, 4309, 4543, 4632, 5061, 5610, 5685, 5864, 6266, 6282, 6314, 6600, 7045, 7104, 8255, 8599, 8919, 8993, 9013, 9138, 9221, 9381, 9786, 9957]
[150, 551, 703, 739, 1173, 1799, 1832, 1901, 1909, 2133, 2218, 2306, 2532, 2583, 2657, 2883, 2959, 3080, 3085, 3214, 3404, 3426, 3452, 3512, 4309, 4543, 4632, 5061, 5610, 5685, 5864, 6266, 6282, 6314, 6600, 7045, 7104, 8255, 8599, 8826, 8919, 8993, 9013, 9138, 9221, 9381, 9786, 9957]
[150, 551, 703, 739, 1173, 1799, 1832, 1901, 1909, 2133, 2218, 2306, 2532, 2583, 2657, 2883, 2959, 3080, 3085, 3214, 3404, 3426, 3452, 3512, 4309, 4543, 4632, 5061, 5610, 5685, 5864, 6266, 6282, 6314, 6600, 7042, 7045, 7104, 8255, 8599, 8826, 8919, 8993, 9013, 9138, 9221, 9381, 9786, 9957]
[150, 551, 703, 739, 1173, 1799, 1832, 1901, 1909, 2133, 2218, 2306, 2532, 2583, 2657, 2883, 2959, 3080, 3085, 3170, 3214, 3404, 3426, 3452, 3512, 4309, 4543, 4632, 5061, 5610, 5685, 5864, 6266, 6282, 6314, 6600, 7042, 7045, 7104, 8255, 8599, 8826, 8919, 8993, 9013, 9138, 9221, 9381, 9786, 9957]
[150, 551, 703, 739, 1173, 1799, 1832, 1901, 1909, 2133, 2218, 2306, 2532, 2583, 2657, 2883, 2925, 2959, 3080, 3085, 3170, 3214, 3404, 3426, 3452, 3512, 4309, 4543, 4632, 5061, 5610, 5685, 5864, 6266, 6282, 6314, 6600, 7042, 7045, 7104, 8255, 8599, 8826, 8919, 8993, 9013, 9138, 9221, 9381, 9786, 9957]
[150, 551, 703, 739, 1173, 1799, 1832, 1901, 1909, 2133, 2218, 2306, 2532, 2583, 2657, 2883, 2925, 2959, 3080, 3085, 3170, 3214, 3404, 3426, 3452, 3512, 4309, 4543, 4632, 5061, 5610, 5685, 5864, 6211, 6266, 6282, 6314, 6600, 7042, 7045, 7104, 8255, 8599, 8826, 8919, 8993, 9013, 9138, 9221, 9381, 9786, 9957]
[39, 150, 551, 703, 739, 1173, 1799, 1832, 1901, 1909, 2133, 2218, 2306, 2532, 2583, 2657, 2883, 2925, 2959, 3080, 3085, 3170, 3214, 3404, 3426, 3452, 3512, 4309, 4543, 4632, 5061, 5610, 5685, 5864, 6211, 6266, 6282, 6314, 6600, 7042, 7045, 7104, 8255, 8599, 8826, 8919, 8993, 9013, 9138, 9221, 9381, 9786, 9957]
[39, 150, 551, 703, 739, 1173, 1799, 1832, 1901, 1909, 2133, 2218, 2306, 2532, 2583, 2657, 2883, 2925, 2959, 3054, 3080, 3085, 3170, 3214, 3404, 3426, 3452, 3512, 4309, 4543, 4632, 5061, 5610, 5685, 5864, 6211, 6266, 6282, 6314, 6600, 7042, 7045, 7104, 8255, 8599, 8826, 8919, 8993, 9013, 9138, 9221, 9381, 9786, 9957]
[39, 150, 551, 703, 729, 739, 1173, 1799, 1832, 1901, 1909, 2133, 2218, 2306, 2532, 2583, 2657, 2883, 2925, 2959, 3054, 3080, 3085, 3170, 3214, 3404, 3426, 3452, 3512, 4309, 4543, 4632, 5061, 5610, 5685, 5864, 6211, 6266, 6282, 6314, 6600, 7042, 7045, 7104, 8255, 8599, 8826, 8919, 8993, 9013, 9138, 9221, 9381, 9786, 9957]
[39, 150, 551, 703, 729, 739, 1173, 1799, 1832, 1901, 1909, 2133, 2218, 2306, 2532, 2583, 2657, 2883, 2925, 2959, 3054, 3080, 3085, 3170, 3214, 3404, 3426, 3452, 3512, 4309, 4543, 4632, 5061, 5610, 5685, 5864, 6211, 6266, 6282, 6314, 6600, 7042, 7045, 7104, 7110, 8255, 8599, 8826, 8919, 8993, 9013, 9138, 9221, 9381, 9786, 9957]
[39, 150, 551, 703, 729, 739, 1173, 1799, 1832, 1901, 1909, 2133, 2218, 2306, 2532, 2583, 2657, 2883, 2925, 2959, 3054, 3080, 3085, 3170, 3214, 3404, 3426, 3452, 3512, 4309, 4543, 4632, 5061, 5610, 5685, 5864, 5947, 6211, 6266, 6282, 6314, 6600, 7042, 7045, 7104, 7110, 8255, 8599, 8826, 8919, 8993, 9013, 9138, 9221, 9381, 9786, 9957]
[39, 150, 551, 703, 729, 739, 1173, 1799, 1832, 1901, 1909, 2133, 2218, 2306, 2532, 2583, 2657, 2883, 2925, 2959, 3054, 3080, 3085, 3170, 3214, 3294, 3404, 3426, 3452, 3512, 4309, 4543, 4632, 5061, 5610, 5685, 5864, 5947, 6211, 6266, 6282, 6314, 6600, 7042, 7045, 7104, 7110, 8255, 8599, 8826, 8919, 8993, 9013, 9138, 9221, 9381, 9786, 9957]
[39, 150, 551, 703, 729, 739, 1173, 1799, 1832, 1901, 1909, 2133, 2218, 2306, 2532, 2564, 2583, 2657, 2883, 2925, 2959, 3054, 3080, 3085, 3170, 3214, 3294, 3404, 3426, 3452, 3512, 4309, 4543, 4632, 5061, 5610, 5685, 5864, 5947, 6211, 6266, 6282, 6314, 6600, 7042, 7045, 7104, 7110, 8255, 8599, 8826, 8919, 8993, 9013, 9138, 9221, 9381, 9786, 9957]
[39, 150, 551, 703, 729, 739, 1173, 1799, 1832, 1901, 1909, 2133, 2218, 2306, 2532, 2564, 2583, 2657, 2883, 2925, 2959, 3054, 3080, 3085, 3170, 3214, 3294, 3404, 3426, 3452, 3512, 4309, 4543, 4632, 5061, 5088, 5610, 5685, 5864, 5947, 6211, 6266, 6282, 6314, 6600, 7042, 7045, 7104, 7110, 8255, 8599, 8826, 8919, 8993, 9013, 9138, 9221, 9381, 9786, 9957]
[39, 150, 551, 703, 729, 739, 1173, 1799, 1832, 1901, 1909, 2133, 2218, 2218, 2306, 2532, 2564, 2583, 2657, 2883, 2925, 2959, 3054, 3080, 3085, 3170, 3214, 3294, 3404, 3426, 3452, 3512, 4309, 4543, 4632, 5061, 5088, 5610, 5685, 5864, 5947, 6211, 6266, 6282, 6314, 6600, 7042, 7045, 7104, 7110, 8255, 8599, 8826, 8919, 8993, 9013, 9138, 9221, 9381, 9786, 9957]
[39, 150, 521, 551, 703, 729, 739, 1173, 1799, 1832, 1901, 1909, 2133, 2218, 2218, 2306, 2532, 2564, 2583, 2657, 2883, 2925, 2959, 3054, 3080, 3085, 3170, 3214, 3294, 3404, 3426, 3452, 3512, 4309, 4543, 4632, 5061, 5088, 5610, 5685, 5864, 5947, 6211, 6266, 6282, 6314, 6600, 7042, 7045, 7104, 7110, 8255, 8599, 8826, 8919, 8993, 9013, 9138, 9221, 9381, 9786, 9957]
[39, 150, 521, 551, 703, 729, 739, 1173, 1799, 1832, 1901, 1909, 2133, 2218, 2218, 2306, 2532, 2564, 2583, 2657, 2883, 2925, 2959, 3054, 3080, 3085, 3170, 3214, 3294, 3404, 3426, 3452, 3512, 4071, 4309, 4543, 4632, 5061, 5088, 5610, 5685, 5864, 5947, 6211, 6266, 6282, 6314, 6600, 7042, 7045, 7104, 7110, 8255, 8599, 8826, 8919, 8993, 9013, 9138, 9221, 9381, 9786, 9957]
[39, 150, 521, 551, 703, 729, 739, 1173, 1799, 1832, 1901, 1909, 2133, 2218, 2218, 2306, 2532, 2564, 2583, 2657, 2883, 2925, 2959, 3054, 3080, 3085, 3170, 3214, 3294, 3404, 3426, 3452, 3512, 4071, 4309, 4543, 4632, 5061, 5088, 5610, 5685, 5864, 5947, 6211, 6266, 6282, 6314, 6600, 7042, 7045, 7104, 7110, 8050, 8255, 8599, 8826, 8919, 8993, 9013, 9138, 9221, 9381, 9786, 9957]
[39, 150, 521, 551, 703, 729, 739, 1024, 1173, 1799, 1832, 1901, 1909, 2133, 2218, 2218, 2306, 2532, 2564, 2583, 2657, 2883, 2925, 2959, 3054, 3080, 3085, 3170, 3214, 3294, 3404, 3426, 3452, 3512, 4071, 4309, 4543, 4632, 5061, 5088, 5610, 5685, 5864, 5947, 6211, 6266, 6282, 6314, 6600, 7042, 7045, 7104, 7110, 8050, 8255, 8599, 8826, 8919, 8993, 9013, 9138, 9221, 9381, 9786, 9957]
[39, 150, 521, 551, 703, 729, 739, 1024, 1038, 1173, 1799, 1832, 1901, 1909, 2133, 2218, 2218, 2306, 2532, 2564, 2583, 2657, 2883, 2925, 2959, 3054, 3080, 3085, 3170, 3214, 3294, 3404, 3426, 3452, 3512, 4071, 4309, 4543, 4632, 5061, 5088, 5610, 5685, 5864, 5947, 6211, 6266, 6282, 6314, 6600, 7042, 7045, 7104, 7110, 8050, 8255, 8599, 8826, 8919, 8993, 9013, 9138, 9221, 9381, 9786, 9957]
[39, 150, 521, 551, 703, 729, 739, 1024, 1038, 1173, 1799, 1832, 1901, 1909, 2133, 2218, 2218, 2306, 2532, 2564, 2583, 2657, 2883, 2925, 2959, 3054, 3080, 3085, 3170, 3214, 3294, 3404, 3426, 3452, 3512, 4071, 4309, 4543, 4632, 5061, 5088, 5610, 5685, 5864, 5947, 6168, 6211, 6266, 6282, 6314, 6600, 7042, 7045, 7104, 7110, 8050, 8255, 8599, 8826, 8919, 8993, 9013, 9138, 9221, 9381, 9786, 9957]
[39, 150, 521, 551, 703, 729, 739, 1024, 1038, 1173, 1799, 1832, 1901, 1909, 2133, 2218, 2218, 2306, 2532, 2564, 2583, 2657, 2883, 2925, 2959, 3054, 3080, 3085, 3170, 3214, 3294, 3319, 3404, 3426, 3452, 3512, 4071, 4309, 4543, 4632, 5061, 5088, 5610, 5685, 5864, 5947, 6168, 6211, 6266, 6282, 6314, 6600, 7042, 7045, 7104, 7110, 8050, 8255, 8599, 8826, 8919, 8993, 9013, 9138, 9221, 9381, 9786, 9957]
[39, 150, 521, 551, 703, 729, 739, 1024, 1038, 1173, 1799, 1832, 1901, 1909, 2133, 2218, 2218, 2306, 2532, 2564, 2583, 2657, 2883, 2925, 2959, 3054, 3080, 3085, 3170, 3214, 3294, 3319, 3404, 3426, 3452, 3512, 4071, 4309, 4543, 4632, 5061, 5088, 5610, 5685, 5864, 5947, 6168, 6211, 6266, 6282, 6314, 6600, 7042, 7045, 7104, 7110, 8050, 8059, 8255, 8599, 8826, 8919, 8993, 9013, 9138, 9221, 9381, 9786, 9957]
[39, 150, 521, 551, 703, 729, 739, 1024, 1038, 1173, 1799, 1832, 1901, 1909, 2133, 2218, 2218, 2306, 2532, 2564, 2583, 2657, 2883, 2925, 2959, 3054, 3080, 3085, 3170, 3214, 3294, 3319, 3404, 3426, 3452, 3512, 4071, 4309, 4543, 4632, 5061, 5088, 5610, 5685, 5864, 5947, 6168, 6211, 6266, 6282, 6314, 6600, 7042, 7045, 7104, 7110, 8050, 8059, 8255, 8599, 8826, 8919, 8993, 9013, 9138, 9176, 9221, 9381, 9786, 9957]
[39, 150, 521, 551, 703, 729, 739, 1024, 1038, 1173, 1799, 1832, 1901, 1909, 2133, 2218, 2218, 2306, 2532, 2564, 2583, 2657, 2883, 2925, 2959, 3054, 3080, 3085, 3170, 3214, 3294, 3319, 3404, 3426, 3452, 3512, 4071, 4309, 4543, 4632, 4925, 5061, 5088, 5610, 5685, 5864, 5947, 6168, 6211, 6266, 6282, 6314, 6600, 7042, 7045, 7104, 7110, 8050, 8059, 8255, 8599, 8826, 8919, 8993, 9013, 9138, 9176, 9221, 9381, 9786, 9957]
[39, 150, 521, 551, 703, 729, 739, 1024, 1038, 1173, 1799, 1832, 1901, 1909, 2133, 2218, 2218, 2306, 2532, 2564, 2583, 2657, 2883, 2925, 2959, 3054, 3080, 3085, 3170, 3214, 3294, 3319, 3404, 3426, 3452, 3512, 4071, 4309, 4543, 4632, 4925, 5061, 5088, 5610, 5685, 5864, 5947, 6168, 6211, 6266, 6282, 6314, 6470, 6600, 7042, 7045, 7104, 7110, 8050, 8059, 8255, 8599, 8826, 8919, 8993, 9013, 9138, 9176, 9221, 9381, 9786, 9957]
[39, 150, 521, 551, 703, 729, 739, 1024, 1038, 1173, 1799, 1832, 1901, 1909, 2133, 2218, 2218, 2306, 2532, 2564, 2583, 2657, 2883, 2925, 2959, 3054, 3080, 3085, 3170, 3214, 3294, 3319, 3404, 3426, 3452, 3512, 4071, 4309, 4543, 4632, 4925, 5061, 5088, 5610, 5685, 5864, 5947, 6168, 6211, 6266, 6282, 6314, 6470, 6600, 7042, 7045, 7104, 7110, 8050, 8059, 8255, 8487, 8599, 8826, 8919, 8993, 9013, 9138, 9176, 9221, 9381, 9786, 9957]
[39, 150, 521, 551, 703, 729, 739, 1024, 1038, 1173, 1799, 1832, 1901, 1909, 2133, 2218, 2218, 2306, 2532, 2564, 2583, 2657, 2883, 2925, 2959, 3054, 3080, 3085, 3170, 3214, 3294, 3319, 3404, 3426, 3452, 3512, 4071, 4309, 4543, 4632, 4925, 5061, 5088, 5610, 5685, 5864, 5947, 6168, 6211, 6266, 6282, 6314, 6470, 6600, 7042, 7045, 7104, 7110, 7405, 8050, 8059, 8255, 8487, 8599, 8826, 8919, 8993, 9013, 9138, 9176, 9221, 9381, 9786, 9957]
[39, 150, 521, 551, 703, 729, 739, 1024, 1038, 1173, 1799, 1832, 1901, 1909, 2133, 2218, 2218, 2306, 2532, 2564, 2583, 2657, 2883, 2925, 2959, 3054, 3080, 3085, 3170, 3214, 3294, 3319, 3404, 3426, 3452, 3512, 4071, 4309, 4543, 4632, 4925, 5061, 5088, 5610, 5685, 5864, 5947, 6168, 6211, 6266, 6282, 6314, 6470, 6600, 7042, 7045, 7104, 7110, 7405, 8050, 8059, 8255, 8309, 8487, 8599, 8826, 8919, 8993, 9013, 9138, 9176, 9221, 9381, 9786, 9957]
[39, 150, 521, 551, 703, 710, 729, 739, 1024, 1038, 1173, 1799, 1832, 1901, 1909, 2133, 2218, 2218, 2306, 2532, 2564, 2583, 2657, 2883, 2925, 2959, 3054, 3080, 3085, 3170, 3214, 3294, 3319, 3404, 3426, 3452, 3512, 4071, 4309, 4543, 4632, 4925, 5061, 5088, 5610, 5685, 5864, 5947, 6168, 6211, 6266, 6282, 6314, 6470, 6600, 7042, 7045, 7104, 7110, 7405, 8050, 8059, 8255, 8309, 8487, 8599, 8826, 8919, 8993, 9013, 9138, 9176, 9221, 9381, 9786, 9957]
[39, 150, 521, 551, 699, 703, 710, 729, 739, 1024, 1038, 1173, 1799, 1832, 1901, 1909, 2133, 2218, 2218, 2306, 2532, 2564, 2583, 2657, 2883, 2925, 2959, 3054, 3080, 3085, 3170, 3214, 3294, 3319, 3404, 3426, 3452, 3512, 4071, 4309, 4543, 4632, 4925, 5061, 5088, 5610, 5685, 5864, 5947, 6168, 6211, 6266, 6282, 6314, 6470, 6600, 7042, 7045, 7104, 7110, 7405, 8050, 8059, 8255, 8309, 8487, 8599, 8826, 8919, 8993, 9013, 9138, 9176, 9221, 9381, 9786, 9957]
[39, 150, 497, 521, 551, 699, 703, 710, 729, 739, 1024, 1038, 1173, 1799, 1832, 1901, 1909, 2133, 2218, 2218, 2306, 2532, 2564, 2583, 2657, 2883, 2925, 2959, 3054, 3080, 3085, 3170, 3214, 3294, 3319, 3404, 3426, 3452, 3512, 4071, 4309, 4543, 4632, 4925, 5061, 5088, 5610, 5685, 5864, 5947, 6168, 6211, 6266, 6282, 6314, 6470, 6600, 7042, 7045, 7104, 7110, 7405, 8050, 8059, 8255, 8309, 8487, 8599, 8826, 8919, 8993, 9013, 9138, 9176, 9221, 9381, 9786, 9957]
[39, 150, 497, 521, 551, 699, 703, 710, 729, 739, 1024, 1038, 1173, 1799, 1832, 1901, 1909, 2133, 2218, 2218, 2306, 2532, 2564, 2583, 2657, 2883, 2925, 2959, 3054, 3080, 3085, 3170, 3214, 3294, 3319, 3404, 3426, 3452, 3512, 4071, 4309, 4543, 4632, 4925, 5061, 5088, 5610, 5685, 5864, 5947, 6168, 6211, 6266, 6282, 6314, 6470, 6600, 7042, 7045, 7104, 7110, 7405, 8050, 8059, 8255, 8309, 8487, 8599, 8826, 8919, 8931, 8993, 9013, 9138, 9176, 9221, 9381, 9786, 9957]
[39, 150, 497, 521, 551, 699, 703, 710, 729, 739, 1024, 1038, 1173, 1799, 1832, 1901, 1909, 2133, 2218, 2218, 2306, 2532, 2564, 2583, 2657, 2883, 2925, 2959, 3054, 3080, 3085, 3089, 3170, 3214, 3294, 3319, 3404, 3426, 3452, 3512, 4071, 4309, 4543, 4632, 4925, 5061, 5088, 5610, 5685, 5864, 5947, 6168, 6211, 6266, 6282, 6314, 6470, 6600, 7042, 7045, 7104, 7110, 7405, 8050, 8059, 8255, 8309, 8487, 8599, 8826, 8919, 8931, 8993, 9013, 9138, 9176, 9221, 9381, 9786, 9957]
[39, 150, 497, 521, 551, 699, 703, 710, 729, 739, 1024, 1038, 1173, 1799, 1832, 1901, 1909, 2133, 2218, 2218, 2306, 2532, 2564, 2583, 2657, 2883, 2925, 2959, 3054, 3080, 3085, 3089, 3170, 3214, 3236, 3294, 3319, 3404, 3426, 3452, 3512, 4071, 4309, 4543, 4632, 4925, 5061, 5088, 5610, 5685, 5864, 5947, 6168, 6211, 6266, 6282, 6314, 6470, 6600, 7042, 7045, 7104, 7110, 7405, 8050, 8059, 8255, 8309, 8487, 8599, 8826, 8919, 8931, 8993, 9013, 9138, 9176, 9221, 9381, 9786, 9957]
[39, 150, 497, 521, 551, 699, 703, 710, 729, 739, 1024, 1038, 1173, 1799, 1832, 1901, 1909, 2133, 2218, 2218, 2306, 2532, 2564, 2583, 2657, 2883, 2925, 2959, 3054, 3080, 3085, 3089, 3170, 3214, 3236, 3294, 3319, 3404, 3426, 3452, 3512, 4071, 4309, 4543, 4632, 4925, 5061, 5088, 5610, 5685, 5864, 5947, 6168, 6211, 6266, 6282, 6314, 6470, 6600, 7042, 7045, 7104, 7110, 7278, 7405, 8050, 8059, 8255, 8309, 8487, 8599, 8826, 8919, 8931, 8993, 9013, 9138, 9176, 9221, 9381, 9786, 9957]
[39, 150, 497, 521, 551, 699, 703, 710, 729, 739, 1024, 1038, 1173, 1523, 1799, 1832, 1901, 1909, 2133, 2218, 2218, 2306, 2532, 2564, 2583, 2657, 2883, 2925, 2959, 3054, 3080, 3085, 3089, 3170, 3214, 3236, 3294, 3319, 3404, 3426, 3452, 3512, 4071, 4309, 4543, 4632, 4925, 5061, 5088, 5610, 5685, 5864, 5947, 6168, 6211, 6266, 6282, 6314, 6470, 6600, 7042, 7045, 7104, 7110, 7278, 7405, 8050, 8059, 8255, 8309, 8487, 8599, 8826, 8919, 8931, 8993, 9013, 9138, 9176, 9221, 9381, 9786, 9957]
[39, 150, 497, 521, 551, 699, 703, 710, 729, 739, 1024, 1038, 1173, 1274, 1523, 1799, 1832, 1901, 1909, 2133, 2218, 2218, 2306, 2532, 2564, 2583, 2657, 2883, 2925, 2959, 3054, 3080, 3085, 3089, 3170, 3214, 3236, 3294, 3319, 3404, 3426, 3452, 3512, 4071, 4309, 4543, 4632, 4925, 5061, 5088, 5610, 5685, 5864, 5947, 6168, 6211, 6266, 6282, 6314, 6470, 6600, 7042, 7045, 7104, 7110, 7278, 7405, 8050, 8059, 8255, 8309, 8487, 8599, 8826, 8919, 8931, 8993, 9013, 9138, 9176, 9221, 9381, 9786, 9957]
[39, 150, 497, 521, 551, 699, 703, 710, 729, 739, 1024, 1038, 1173, 1274, 1523, 1799, 1832, 1901, 1909, 2133, 2218, 2218, 2306, 2532, 2564, 2583, 2657, 2883, 2925, 2959, 3054, 3080, 3085, 3089, 3170, 3214, 3236, 3294, 3319, 3404, 3426, 3452, 3512, 4071, 4309, 4543, 4632, 4925, 5061, 5088, 5610, 5685, 5864, 5947, 6168, 6211, 6266, 6282, 6314, 6470, 6600, 7042, 7045, 7104, 7110, 7278, 7405, 7458, 8050, 8059, 8255, 8309, 8487, 8599, 8826, 8919, 8931, 8993, 9013, 9138, 9176, 9221, 9381, 9786, 9957]
[39, 150, 497, 521, 551, 699, 703, 710, 729, 739, 1024, 1038, 1173, 1274, 1523, 1799, 1832, 1901, 1909, 2133, 2218, 2218, 2306, 2532, 2564, 2583, 2657, 2883, 2925, 2959, 3054, 3080, 3085, 3089, 3170, 3214, 3236, 3294, 3319, 3404, 3426, 3452, 3512, 4071, 4262, 4309, 4543, 4632, 4925, 5061, 5088, 5610, 5685, 5864, 5947, 6168, 6211, 6266, 6282, 6314, 6470, 6600, 7042, 7045, 7104, 7110, 7278, 7405, 7458, 8050, 8059, 8255, 8309, 8487, 8599, 8826, 8919, 8931, 8993, 9013, 9138, 9176, 9221, 9381, 9786, 9957]
[39, 150, 497, 521, 551, 699, 703, 710, 729, 739, 1024, 1038, 1173, 1274, 1523, 1799, 1832, 1901, 1909, 2133, 2218, 2218, 2306, 2532, 2564, 2583, 2657, 2883, 2925, 2959, 3054, 3080, 3085, 3089, 3170, 3214, 3236, 3294, 3319, 3404, 3426, 3452, 3512, 4071, 4262, 4309, 4543, 4632, 4925, 5061, 5088, 5610, 5685, 5864, 5947, 6168, 6211, 6266, 6282, 6314, 6470, 6600, 7042, 7045, 7104, 7110, 7278, 7405, 7458, 8050, 8059, 8255, 8309, 8487, 8599, 8826, 8919, 8931, 8993, 9013, 9138, 9176, 9221, 9381, 9660, 9786, 9957]
[39, 150, 497, 521, 551, 699, 703, 710, 729, 739, 1024, 1038, 1173, 1274, 1523, 1540, 1799, 1832, 1901, 1909, 2133, 2218, 2218, 2306, 2532, 2564, 2583, 2657, 2883, 2925, 2959, 3054, 3080, 3085, 3089, 3170, 3214, 3236, 3294, 3319, 3404, 3426, 3452, 3512, 4071, 4262, 4309, 4543, 4632, 4925, 5061, 5088, 5610, 5685, 5864, 5947, 6168, 6211, 6266, 6282, 6314, 6470, 6600, 7042, 7045, 7104, 7110, 7278, 7405, 7458, 8050, 8059, 8255, 8309, 8487, 8599, 8826, 8919, 8931, 8993, 9013, 9138, 9176, 9221, 9381, 9660, 9786, 9957]
[39, 150, 497, 521, 551, 699, 703, 710, 729, 739, 1024, 1038, 1173, 1274, 1523, 1540, 1799, 1832, 1901, 1909, 2133, 2218, 2218, 2306, 2532, 2564, 2583, 2657, 2883, 2925, 2959, 3054, 3080, 3085, 3089, 3170, 3214, 3236, 3294, 3319, 3404, 3426, 3452, 3512, 4071, 4262, 4309, 4543, 4632, 4925, 5061, 5088, 5610, 5685, 5864, 5947, 6168, 6211, 6266, 6282, 6314, 6470, 6600, 7042, 7045, 7104, 7110, 7278, 7405, 7458, 7489, 8050, 8059, 8255, 8309, 8487, 8599, 8826, 8919, 8931, 8993, 9013, 9138, 9176, 9221, 9381, 9660, 9786, 9957]
[39, 150, 497, 521, 551, 699, 703, 710, 729, 739, 1024, 1038, 1173, 1274, 1523, 1540, 1799, 1832, 1901, 1909, 2133, 2218, 2218, 2306, 2532, 2564, 2583, 2657, 2883, 2925, 2959, 3054, 3080, 3085, 3089, 3170, 3214, 3236, 3294, 3319, 3404, 3426, 3452, 3512, 4071, 4262, 4309, 4543, 4632, 4925, 5061, 5088, 5610, 5685, 5864, 5947, 6168, 6211, 6266, 6282, 6314, 6470, 6600, 7042, 7045, 7104, 7110, 7278, 7405, 7458, 7489, 8050, 8059, 8255, 8309, 8487, 8599, 8826, 8919, 8931, 8993, 9013, 9138, 9176, 9221, 9258, 9381, 9660, 9786, 9957]
[39, 150, 497, 521, 551, 699, 703, 710, 729, 739, 1024, 1038, 1173, 1274, 1523, 1540, 1799, 1832, 1901, 1909, 2133, 2218, 2218, 2306, 2532, 2564, 2583, 2657, 2883, 2925, 2959, 3054, 3080, 3085, 3089, 3170, 3214, 3236, 3294, 3319, 3404, 3426, 3452, 3512, 4071, 4262, 4309, 4509, 4543, 4632, 4925, 5061, 5088, 5610, 5685, 5864, 5947, 6168, 6211, 6266, 6282, 6314, 6470, 6600, 7042, 7045, 7104, 7110, 7278, 7405, 7458, 7489, 8050, 8059, 8255, 8309, 8487, 8599, 8826, 8919, 8931, 8993, 9013, 9138, 9176, 9221, 9258, 9381, 9660, 9786, 9957]
[39, 150, 497, 521, 551, 699, 703, 710, 729, 739, 1024, 1038, 1173, 1274, 1523, 1540, 1746, 1799, 1832, 1901, 1909, 2133, 2218, 2218, 2306, 2532, 2564, 2583, 2657, 2883, 2925, 2959, 3054, 3080, 3085, 3089, 3170, 3214, 3236, 3294, 3319, 3404, 3426, 3452, 3512, 4071, 4262, 4309, 4509, 4543, 4632, 4925, 5061, 5088, 5610, 5685, 5864, 5947, 6168, 6211, 6266, 6282, 6314, 6470, 6600, 7042, 7045, 7104, 7110, 7278, 7405, 7458, 7489, 8050, 8059, 8255, 8309, 8487, 8599, 8826, 8919, 8931, 8993, 9013, 9138, 9176, 9221, 9258, 9381, 9660, 9786, 9957]
[39, 150, 497, 521, 551, 699, 703, 710, 729, 739, 1024, 1038, 1173, 1274, 1523, 1540, 1746, 1799, 1832, 1901, 1909, 2133, 2218, 2218, 2306, 2532, 2564, 2583, 2657, 2883, 2925, 2959, 3054, 3080, 3085, 3089, 3170, 3214, 3236, 3294, 3319, 3404, 3426, 3452, 3512, 4071, 4262, 4309, 4509, 4543, 4632, 4925, 5061, 5088, 5610, 5685, 5864, 5947, 6168, 6211, 6266, 6282, 6314, 6470, 6600, 7042, 7045, 7104, 7110, 7278, 7405, 7458, 7489, 8050, 8059, 8192, 8255, 8309, 8487, 8599, 8826, 8919, 8931, 8993, 9013, 9138, 9176, 9221, 9258, 9381, 9660, 9786, 9957]
[39, 150, 497, 521, 551, 699, 703, 710, 729, 739, 1024, 1038, 1173, 1274, 1523, 1540, 1746, 1799, 1832, 1901, 1909, 2133, 2218, 2218, 2306, 2532, 2564, 2583, 2657, 2883, 2925, 2959, 3054, 3080, 3085, 3089, 3170, 3214, 3236, 3294, 3319, 3404, 3426, 3452, 3512, 4071, 4262, 4309, 4509, 4543, 4632, 4925, 5061, 5088, 5610, 5685, 5864, 5947, 6168, 6211, 6266, 6282, 6314, 6470, 6600, 7042, 7045, 7104, 7110, 7278, 7405, 7458, 7489, 8050, 8059, 8192, 8255, 8309, 8487, 8599, 8826, 8919, 8931, 8993, 9013, 9138, 9176, 9221, 9258, 9381, 9653, 9660, 9786, 9957]
[39, 150, 497, 521, 551, 699, 703, 710, 729, 739, 1024, 1038, 1173, 1274, 1523, 1540, 1746, 1799, 1832, 1901, 1909, 2133, 2218, 2218, 2306, 2532, 2564, 2583, 2657, 2883, 2925, 2959, 3054, 3080, 3085, 3089, 3170, 3214, 3236, 3294, 3319, 3404, 3426, 3452, 3512, 4071, 4262, 4309, 4509, 4543, 4632, 4782, 4925, 5061, 5088, 5610, 5685, 5864, 5947, 6168, 6211, 6266, 6282, 6314, 6470, 6600, 7042, 7045, 7104, 7110, 7278, 7405, 7458, 7489, 8050, 8059, 8192, 8255, 8309, 8487, 8599, 8826, 8919, 8931, 8993, 9013, 9138, 9176, 9221, 9258, 9381, 9653, 9660, 9786, 9957]
[39, 150, 325, 497, 521, 551, 699, 703, 710, 729, 739, 1024, 1038, 1173, 1274, 1523, 1540, 1746, 1799, 1832, 1901, 1909, 2133, 2218, 2218, 2306, 2532, 2564, 2583, 2657, 2883, 2925, 2959, 3054, 3080, 3085, 3089, 3170, 3214, 3236, 3294, 3319, 3404, 3426, 3452, 3512, 4071, 4262, 4309, 4509, 4543, 4632, 4782, 4925, 5061, 5088, 5610, 5685, 5864, 5947, 6168, 6211, 6266, 6282, 6314, 6470, 6600, 7042, 7045, 7104, 7110, 7278, 7405, 7458, 7489, 8050, 8059, 8192, 8255, 8309, 8487, 8599, 8826, 8919, 8931, 8993, 9013, 9138, 9176, 9221, 9258, 9381, 9653, 9660, 9786, 9957]
[39, 150, 325, 497, 521, 551, 699, 703, 710, 729, 739, 1024, 1038, 1173, 1274, 1523, 1540, 1746, 1799, 1832, 1901, 1909, 2133, 2218, 2218, 2306, 2532, 2564, 2583, 2611, 2657, 2883, 2925, 2959, 3054, 3080, 3085, 3089, 3170, 3214, 3236, 3294, 3319, 3404, 3426, 3452, 3512, 4071, 4262, 4309, 4509, 4543, 4632, 4782, 4925, 5061, 5088, 5610, 5685, 5864, 5947, 6168, 6211, 6266, 6282, 6314, 6470, 6600, 7042, 7045, 7104, 7110, 7278, 7405, 7458, 7489, 8050, 8059, 8192, 8255, 8309, 8487, 8599, 8826, 8919, 8931, 8993, 9013, 9138, 9176, 9221, 9258, 9381, 9653, 9660, 9786, 9957]
[39, 150, 325, 497, 511, 521, 551, 699, 703, 710, 729, 739, 1024, 1038, 1173, 1274, 1523, 1540, 1746, 1799, 1832, 1901, 1909, 2133, 2218, 2218, 2306, 2532, 2564, 2583, 2611, 2657, 2883, 2925, 2959, 3054, 3080, 3085, 3089, 3170, 3214, 3236, 3294, 3319, 3404, 3426, 3452, 3512, 4071, 4262, 4309, 4509, 4543, 4632, 4782, 4925, 5061, 5088, 5610, 5685, 5864, 5947, 6168, 6211, 6266, 6282, 6314, 6470, 6600, 7042, 7045, 7104, 7110, 7278, 7405, 7458, 7489, 8050, 8059, 8192, 8255, 8309, 8487, 8599, 8826, 8919, 8931, 8993, 9013, 9138, 9176, 9221, 9258, 9381, 9653, 9660, 9786, 9957]
[39, 150, 325, 497, 511, 521, 551, 699, 703, 710, 729, 739, 1024, 1038, 1173, 1274, 1523, 1540, 1746, 1799, 1832, 1901, 1909, 2133, 2218, 2218, 2306, 2532, 2564, 2583, 2611, 2657, 2883, 2925, 2959, 3054, 3080, 3085, 3089, 3170, 3214, 3236, 3294, 3319, 3404, 3426, 3452, 3512, 4071, 4262, 4309, 4509, 4543, 4632, 4782, 4925, 5061, 5088, 5610, 5685, 5864, 5947, 6168, 6211, 6266, 6282, 6314, 6470, 6600, 7042, 7045, 7104, 7110, 7278, 7405, 7454, 7458, 7489, 8050, 8059, 8192, 8255, 8309, 8487, 8599, 8826, 8919, 8931, 8993, 9013, 9138, 9176, 9221, 9258, 9381, 9653, 9660, 9786, 9957]
