[6600]
[6600, 9138]
[6600, 9138, 2532]
[6600, 9138, 2532, 703]
[6600, 9138, 2532, 703, 2306]
[6600, 9138, 2532, 703, 2306, 2583]
[6600, 9138, 2532, 703, 2306, 2583, 3404]
[6600, 9138, 2532, 703, 2306, 2583, 3404, 6282]
[6600, 9138, 2532, 703, 2306, 2583, 3404, 6282, 9013]
[6600, 9138, 2532, 703, 2306, 2583, 3404, 6282, 9013, 1901]
[6600, 9138, 2532, 703, 2306, 2583, 3404, 6282, 9013, 1901, 5685]
[6600, 9138, 2532, 703, 2306, 2583, 3404, 6282, 9013, 1901, 5685, 1832]
[6600, 9138, 2532, 703, 2306, 2583, 3404, 6282, 9013, 1901, 5685, 1832, 9957]
[6600, 9138, 2532, 703, 2306, 2583, 3404, 6282, 9013, 1901, 5685, 1832, 9957, 7104]
[6600, 9138, 2532, 703, 2306, 2583, 3404, 6282, 9013, 1901, 5685, 1832, 9957, 7104, 2883]
[6600, 9138, 2532, 703, 2306, 2583, 3404, 6282, 9013, 1901, 5685, 1832, 9957, 7104, 2883, 3452]
[6600, 9138, 2532, 703, 2306, 2583, 3404, 6282, 9013, 1901, 5685, 1832, 9957, 7104, 2883, 3452, 2218]
[6600, 9138, 2532, 703, 2306, 2583, 3404, 6282, 9013, 1901, 5685, 1832, 9957, 7104, 2883, 3452, 2218, 6314]
[6600, 9138, 2532, 703, 2306, 2583, 3404, 6282, 9013, 1901, 5685, 1832, 9957, 7104, 2883, 3452, 2218, 6314, 3214]
[6600, 9138, 2532, 703, 2306, 2583, 3404, 6282, 9013, 1901, 5685, 1832, 9957, 7104, 2883, 3452, 2218, 6314, 3214, 4543]
[6600, 9138, 2532, 703, 2306, 2583, 3404, 6282, 9013, 1901, 5685, 1832, 9957, 7104, 2883, 3452, 2218, 6314, 3214, 4543, 6266]
[6600, 9138, 2532, 703, 2306, 2583, 3404, 6282, 9013, 1901, 5685, 1832, 9957, 7104, 2883, 3452, 2218, 6314, 3214, 4543, 6266, 9786]
[6600, 9138, 2532, 703, 2306, 2583, 3404, 6282, 9013, 1901, 5685, 1832, 9957, 7104, 2883, 3452, 2218, 6314, 3214, 4543, 6266, 9786, 5610]
[6600, 9138, 2532, 703, 2306, 2583, 3404, 6282, 9013, 1901, 5685, 1832, 9957, 7104, 2883, 3452, 2218, 6314, 3214, 4543, 6266, 9786, 5610, 4309]
[6600, 9138, 2532, 703, 2306, 2583, 3404, 6282, 9013, 1901, 5685, 1832, 9957, 7104, 2883, 3452, 2218, 6314, 3214, 4543, 6266, 9786, 5610, 4309, 9221]
[6600, 9138, 2532, 703, 2306, 2583, 3404, 6282, 9013, 1901, 5685, 1832, 9957, 7104, 2883, 3452, 2218, 6314, 3214, 4543, 6266, 9786, 5610, 4309, 9221, 8599]
[6600, 9138, 2532, 703, 2306, 2583, 3404, 6282, 9013, 1901, 5685, 1832, 9957, 7104, 2883, 3452, 2218, 6314, 3214, 4543, 6266, 9786, 5610, 4309, 9221, 8599, 3426]
[6600, 9138, 2532, 703, 2306, 2583, 3404, 6282, 9013, 1901, 5685, 1832, 9957, 7104, 2883, 3452, 2218, 6314, 3214, 4543, 6266, 9786, 5610, 4309, 9221, 8599, 3426, 1173]
[6600, 9138, 2532, 703, 2306, 2583, 3404, 6282, 9013, 1901, 5685, 1832, 9957, 7104, 2883, 3452, 2218, 6314, 3214, 4543, 6266, 9786, 5610, 4309, 9221, 8599, 3426, 1173, 150]
[6600, 9138, 2532, 703, 2306, 2583, 3404, 6282, 9013, 1901, 5685, 1832, 9957, 7104, 2883, 3452, 2218, 6314, 3214, 4543, 6266, 9786, 5610, 4309, 9221, 8599, 3426, 1173, 150, 1799]
[6600, 9138, 2532, 703, 2306, 2583, 3404, 6282, 9013, 1901, 5685, 1832, 9957, 7104, 2883, 3452, 2218, 6314, 3214, 4543, 6266, 9786, 5610, 4309, 9221, 8599, 3426, 1173, 150, 1799, 5061]
[6600, 9138, 2532, 703, 2306, 2583, 3404, 6282, 9013, 1901, 5685, 1832, 9957, 7104, 2883, 3452, 2218, 6314, 3214, 4543, 6266, 9786, 5610, 4309, 9221, 8599, 3426, 1173, 150, 1799, 5061, 551]
[6600, 9138, 2532, 703, 2306, 2583, 3404, 6282, 9013, 1901, 5685, 1832, 9957, 7104, 2883, 3452, 2218, 6314, 3214, 4543, 6266, 9786, 5610, 4309, 9221, 8599, 3426, 1173, 150, 1799, 5061, 551, 3080]
[6600, 9138, 2532, 703, 2306, 2583, 3404, 6282, 9013, 1901, 5685, 1832, 9957, 7104, 2883, 3452, 2218, 6314, 3214, 4543, 6266, 9786, 5610, 4309, 9221, 8599, 3426, 1173, 150, 1799, 5061, 551, 3080, 8919]
[6600, 9138, 2532, 703, 2306, 2583, 3404, 6282, 9013, 1901, 5685, 1832, 9957, 7104, 2883, 3452, 2218, 6314, 3214, 4543, 6266, 9786, 5610, 4309, 9221, 8599, 3426, 1173, 150, 1799, 5061, 551, 3080, 8919, 739]
[6600, 9138, 2532, 703, 2306, 2583, 3404, 6282, 9013, 1901, 5685, 1832, 9957, 7104, 2883, 3452, 2218, 6314, 3214, 4543, 6266, 9786, 5610, 4309, 9221, 8599, 3426, 1173, 150, 1799, 5061, 551, 3080, 8919, 739, 8255]
[6600, 9138, 2532, 703, 2306, 2583, 3404, 6282, 9013, 1901, 5685, 1832, 9957, 7104, 2883, 3452, 2218, 6314, 3214, 4543, 6266, 9786, 5610, 4309, 9221, 8599, 3426, 1173, 150, 1799, 5061, 551, 3080, 8919, 739, 8255, 3085]
[6600, 9138, 2532, 703, 2306, 2583, 3404, 6282, 9013, 1901, 5685, 1832, 9957, 7104, 2883, 3452, 2218, 6314, 3214, 4543, 6266, 9786, 5610, 4309, 9221, 8599, 3426, 1173, 150, 1799, 5061, 551, 3080, 8919, 739, 8255, 3085, 8993]
[6600, 9138, 2532, 703, 2306, 2583, 3404, 6282, 9013, 1901, 5685, 1832, 9957, 7104, 2883, 3452, 2218, 6314, 3214, 4543, 6266, 9786, 5610, 4309, 9221, 8599, 3426, 1173, 150, 1799, 5061, 551, 3080, 8919, 739, 8255, 3085, 8993, 5864]
[6600, 9138, 2532, 703, 2306, 2583, 3404, 6282, 9013, 1901, 5685, 1832, 9957, 7104, 2883, 3452, 2218, 6314, 3214, 4543, 6266, 9786, 5610, 4309, 9221, 8599, 3426, 1173, 150, 1799, 5061, 551, 3080, 8919, 739, 8255, 3085, 8993, 5864, 3512]
[6600, 9138, 2532, 703, 2306, 2583, 3404, 6282, 9013, 1901, 5685, 1832, 9957, 7104, 2883, 3452, 2218, 6314, 3214, 4543, 6266, 9786, 5610, 4309, 9221, 8599, 3426, 1173, 150, 1799, 5061, 551, 3080, 8919, 739, 8255, 3085, 8993, 5864, 3512, 4632]
[6600, 9138, 2532, 703, 2306, 2583, 3404, 6282, 9013, 1901, 5685, 1832, 9957, 7104, 2883, 3452, 2218, 6314, 3214, 4543, 6266, 9786, 5610, 4309, 9221, 8599, 3426, 1173, 150, 1799, 5061, 551, 3080, 8919, 739, 8255, 3085, 8993, 5864, 3512, 4632, 2959]
[6600, 9138, 2532, 703, 2306, 2583, 3404, 6282, 9013, 1901, 5685, 1832, 9957, 7104, 2883, 3452, 2218, 6314, 3214, 4543, 6266, 9786, 5610, 4309, 9221, 8599, 3426, 1173, 150, 1799, 5061, 551, 3080, 8919, 739, 8255, 3085, 8993, 5864, 3512, 4632, 2959, 9381]
[6600, 9138, 2532, 703, 2306, 2583, 3404, 6282, 9013, 1901, 5685, 1832, 9957, 7104, 2883, 3452, 2218, 6314, 3214, 4543, 6266, 9786, 5610, 4309, 9221, 8599, 3426, 1173, 150, 1799, 5061, 551, 3080, 8919, 739, 8255, 3085, 8993, 5864, 3512, 4632, 2959, 9381, 7045]
[6600, 9138, 2532, 703, 2306, 2583, 3404, 6282, 9013, 1901, 5685, 1832, 9957, 7104, 2883, 3452, 2218, 6314, 3214, 4543, 6266, 9786, 5610, 4309, 9221, 8599, 3426, 1173, 150, 1799, 5061, 551, 3080, 8919, 739, 8255, 3085, 8993, 5864, 3512, 4632, 2959, 9381, 7045, 2657]
[6600, 9138, 2532, 703, 2306, 2583, 3404, 6282, 9013, 1901, 5685, 1832, 9957, 7104, 2883, 3452, 2218, 6314, 3214, 4543, 6266, 9786, 5610, 4309, 9221, 8599, 3426, 1173, 150, 1799, 5061, 551, 3080, 8919, 739, 8255, 3085, 8993, 5864, 3512, 4632, 2959, 9381, 7045, 2657, 2133]
[6600, 9138, 2532, 703, 2306, 2583, 3404, 6282, 9013, 1901, 5685, 1832, 9957, 7104, 2883, 3452, 2218, 6314, 3214, 4543, 6266, 9786, 5610, 4309, 9221, 8599, 3426, 1173, 150, 1799, 5061, 551, 3080, 8919, 739, 8255, 3085, 8993, 5864, 3512, 4632, 2959, 9381, 7045, 2657, 2133, 1909]
[6600, 9138, 2532, 703, 2306, 2583, 3404, 6282, 9013, 1901, 5685, 1832, 9957, 7104, 2883, 3452, 2218, 6314, 3214, 4543, 6266, 9786, 5610, 4309, 9221, 8599, 3426, 1173, 150, 1799, 5061, 551, 3080, 8919, 739, 8255, 3085, 8993, 5864, 3512, 4632, 2959, 9381, 7045, 2657, 2133, 1909, 8826]
[6600, 9138, 2532, 703, 2306, 2583, 3404, 6282, 9013, 1901, 5685, 1832, 9957, 7104, 2883, 3452, 2218, 6314, 3214, 4543, 6266, 9786, 5610, 4309, 9221, 8599, 3426, 1173, 150, 1799, 5061, 551, 3080, 8919, 739, 8255, 3085, 8993, 5864, 3512, 4632, 2959, 9381, 7045, 2657, 2133, 1909, 8826, 7042]
[6600, 9138, 2532, 703, 2306, 2583, 3404, 6282, 9013, 1901, 5685, 1832, 9957, 7104, 2883, 3452, 2218, 6314, 3214, 4543, 6266, 9786, 5610, 4309, 9221, 8599, 3426, 1173, 150, 1799, 5061, 551, 3080, 8919, 739, 8255, 3085, 8993, 5864, 3512, 4632, 2959, 9381, 7045, 2657, 2133, 1909, 8826, 7042, 3170]
[6600, 9138, 2532, 703, 2306, 2583, 3404, 6282, 9013, 1901, 5685, 1832, 9957, 7104, 2883, 3452, 2218, 6314, 3214, 4543, 6266, 9786, 5610, 4309, 9221, 8599, 3426, 1173, 150, 1799, 5061, 551, 3080, 8919, 739, 8255, 3085, 8993, 5864, 3512, 4632, 2959, 9381, 7045, 2657, 2133, 1909, 8826, 7042, 3170, 2925]
[6600, 9138, 2532, 703, 2306, 2583, 3404, 6282, 9013, 1901, 5685, 1832, 9957, 7104, 2883, 3452, 2218, 6314, 3214, 4543, 6266, 9786, 5610, 4309, 9221, 8599, 3426, 1173, 150, 1799, 5061, 551, 3080, 8919, 739, 8255, 3085, 8993, 5864, 3512, 4632, 2959, 9381, 7045, 2657, 2133, 1909, 8826, 7042, 3170, 2925, 6211]
[6600, 9138, 2532, 703, 2306, 2583, 3404, 6282, 9013, 1901, 5685, 1832, 9957, 7104, 2883, 3452, 2218, 6314, 3214, 4543, 6266, 9786, 5610, 4309, 9221, 8599, 3426, 1173, 150, 1799, 5061, 551, 3080, 8919, 739, 8255, 3085, 8993, 5864, 3512, 4632, 2959, 9381, 7045, 2657, 2133, 1909, 8826, 7042, 3170, 2925, 6211, 39]
[6600, 9138, 2532, 703, 2306, 2583, 3404, 6282, 9013, 1901, 5685, 1832, 9957, 7104, 2883, 3452, 2218, 6314, 3214, 4543, 6266, 9786, 5610, 4309, 9221, 8599, 3426, 1173, 150, 1799, 5061, 551, 3080, 8919, 739, 8255, 3085, 8993, 5864, 3512, 4632, 2959, 9381, 7045, 2657, 2133, 1909, 8826, 7042, 3170, 2925, 6211, 39, 3054]
[6600, 9138, 2532, 703, 2306, 2583, 3404, 6282, 9013, 1901, 5685, 1832, 9957, 7104, 2883, 3452, 2218, 6314, 3214, 4543, 6266, 9786, 5610, 4309, 9221, 8599, 3426, 1173, 150, 1799, 5061, 551, 3080, 8919, 739, 8255, 3085, 8993, 5864, 3512, 4632, 2959, 9381, 7045, 2657, 2133, 1909, 8826, 7042, 3170, 2925, 6211, 39, 3054, 729]
[6600, 9138, 2532, 703, 2306, 2583, 3404, 6282, 9013, 1901, 5685, 1832, 9957, 7104, 2883, 3452, 2218, 6314, 3214, 4543, 6266, 9786, 5610, 4309, 9221, 8599, 3426, 1173, 150, 1799, 5061, 551, 3080, 8919, 739, 8255, 3085, 8993, 5864, 3512, 4632, 2959, 9381, 7045, 2657, 2133, 1909, 8826, 7042, 3170, 2925, 6211, 39, 3054, 729, 7110]
[6600, 9138, 2532, 703, 2306, 2583, 3404, 6282, 9013, 1901, 5685, 1832, 9957, 7104, 2883, 3452, 2218, 6314, 3214, 4543, 6266, 9786, 5610, 4309, 9221, 8599, 3426, 1173, 150, 1799, 5061, 551, 3080, 8919, 739, 8255, 3085, 8993, 5864, 3512, 4632, 2959, 9381, 7045, 2657, 2133, 1909, 8826, 7042, 3170, 2925, 6211, 39, 3054, 729, 7110, 5947]
[6600, 9138, 2532, 703, 2306, 2583, 3404, 6282, 9013, 1901, 5685, 1832, 9957, 7104, 2883, 3452, 2218, 6314, 3214, 4543, 6266, 9786, 5610, 4309, 9221, 8599, 3426, 1173, 150, 1799, 5061, 551, 3080, 8919, 739, 8255, 3085, 8993, 5864, 3512, 4632, 2959, 9381, 7045, 2657, 2133, 1909, 8826, 7042, 3170, 2925, 6211, 39, 3054, 729, 7110, 5947, 3294]
[6600, 9138, 2532, 703, 2306, 2583, 3404, 6282, 9013, 1901, 5685, 1832, 9957, 7104, 2883, 3452, 2218, 6314, 3214, 4543, 6266, 9786, 5610, 4309, 9221, 8599, 3426, 1173, 150, 1799, 5061, 551, 3080, 8919, 739, 8255, 3085, 8993, 5864, 3512, 4632, 2959, 9381, 7045, 2657, 2133, 1909, 8826, 7042, 3170, 2925, 6211, 39, 3054, 729, 7110, 5947, 3294, 2564]
[6600, 9138, 2532, 703, 2306, 2583, 3404, 6282, 9013, 1901, 5685, 1832, 9957, 7104, 2883, 3452, 2218, 6314, 3214, 4543, 6266, 9786, 5610, 4309, 9221, 8599, 3426, 1173, 150, 1799, 5061, 551, 3080, 8919, 739, 8255, 3085, 8993, 5864, 3512, 4632, 2959, 9381, 7045, 2657, 2133, 1909, 8826, 7042, 3170, 2925, 6211, 39, 3054, 729, 7110, 5947, 3294, 2564, 5088]
[6600, 9138, 2532, 703, 2306, 2583, 3404, 6282, 9013, 1901, 5685, 1832, 9957, 7104, 2883, 3452, 2218, 6314, 3214, 4543, 6266, 9786, 5610, 4309, 9221, 8599, 3426, 1173, 150, 1799, 5061, 551, 3080, 8919, 739, 8255, 3085, 8993, 5864, 3512, 4632, 2959, 9381, 7045, 2657, 2133, 1909, 8826, 7042, 3170, 2925, 6211, 39, 3054, 729, 7110, 5947, 3294, 2564, 5088, 2218]
[6600, 9138, 2532, 703, 2306, 2583, 3404, 6282, 9013, 1901, 5685, 1832, 9957, 7104, 2883, 3452, 2218, 6314, 3214, 4543, 6266, 9786, 5610, 4309, 9221, 8599, 3426, 1173, 150, 1799, 5061, 551, 3080, 8919, 739, 8255, 3085, 8993, 5864, 3512, 4632, 2959, 9381, 7045, 2657, 2133, 1909, 8826, 7042, 3170, 2925, 6211, 39, 3054, 729, 7110, 5947, 3294, 2564, 5088, 2218, 521]
[6600, 9138, 2532, 703, 2306, 2583, 3404, 6282, 9013, 1901, 5685, 1832, 9957, 7104, 2883, 3452, 2218, 6314, 3214, 4543, 6266, 9786, 5610, 4309, 9221, 8599, 3426, 1173, 150, 1799, 5061, 551, 3080, 8919, 739, 8255, 3085, 8993, 5864, 3512, 4632, 2959, 9381, 7045, 2657, 2133, 1909, 8826, 7042, 3170, 2925, 6211, 39, 3054, 729, 7110, 5947, 3294, 2564, 5088, 2218, 521, 4071]
[6600, 9138, 2532, 703, 2306, 2583, 3404, 6282, 9013, 1901, 5685, 1832, 9957, 7104, 2883, 3452, 2218, 6314, 3214, 4543, 6266, 9786, 5610, 4309, 9221, 8599, 3426, 1173, 150, 1799, 5061, 551, 3080, 8919, 739, 8255, 3085, 8993, 5864, 3512, 4632, 2959, 9381, 7045, 2657, 2133, 1909, 8826, 7042, 3170, 2925, 6211, 39, 3054, 729, 7110, 5947, 3294, 2564, 5088, 2218, 521, 4071, 8050]
[6600, 9138, 2532, 703, 2306, 2583, 3404, 6282, 9013, 1901, 5685, 1832, 9957, 7104, 2883, 3452, 2218, 6314, 3214, 4543, 6266, 9786, 5610, 4309, 9221, 8599, 3426, 1173, 150, 1799, 5061, 551, 3080, 8919, 739, 8255, 3085, 8993, 5864, 3512, 4632, 2959, 9381, 7045, 2657, 2133, 1909, 8826, 7042, 3170, 2925, 6211, 39, 3054, 729, 7110, 5947, 3294, 2564, 5088, 2218, 521, 4071, 8050, 1024]
[6600, 9138, 2532, 703, 2306, 2583, 3404, 6282, 9013, 1901, 5685, 1832, 9957, 7104, 2883, 3452, 2218, 6314, 3214, 4543, 6266, 9786, 5610, 4309, 9221, 8599, 3426, 1173, 150, 1799, 5061, 551, 3080, 8919, 739, 8255, 3085, 8993, 5864, 3512, 4632, 2959, 9381, 7045, 2657, 2133, 1909, 8826, 7042, 3170, 2925, 6211, 39, 3054, 729, 7110, 5947, 3294, 2564, 5088, 2218, 521, 4071, 8050, 1024, 1038]
[6600, 9138, 2532, 703, 2306, 2583, 3404, 6282, 9013, 1901, 5685, 1832, 9957, 7104, 2883, 3452, 2218, 6314, 3214, 4543, 6266, 9786, 5610, 4309, 9221, 8599, 3426, 1173, 150, 1799, 5061, 551, 3080, 8919, 739, 8255, 3085, 8993, 5864, 3512, 4632, 2959, 9381, 7045, 2657, 2133, 1909, 8826, 7042, 3170, 2925, 6211, 39, 3054, 729, 7110, 5947, 3294, 2564, 5088, 2218, 521, 4071, 8050, 1024, 1038, 6168]
[6600, 9138, 2532, 703, 2306, 2583, 3404, 6282, 9013, 1901, 5685, 1832, 9957, 7104, 2883, 3452, 2218, 6314, 3214, 4543, 6266, 9786, 5610, 4309, 9221, 8599, 3426, 1173, 150, 1799, 5061, 551, 3080, 8919, 739, 8255, 3085, 8993, 5864, 3512, 4632, 2959, 9381, 7045, 2657, 2133, 1909, 8826, 7042, 3170, 2925, 6211, 39, 3054, 729, 7110, 5947, 3294, 2564, 5088, 2218, 521, 4071, 8050, 1024, 1038, 6168, 3319]
[6600, 9138, 2532, 703, 2306, 2583, 3404, 6282, 9013, 1901, 5685, 1832, 9957, 7104, 2883, 3452, 2218, 6314, 3214, 4543, 6266, 9786, 5610, 4309, 9221, 8599, 3426, 1173, 150, 1799, 5061, 551, 3080, 8919, 739, 8255, 3085, 8993, 5864, 3512, 4632, 2959, 9381, 7045, 2657, 2133, 1909, 8826, 7042, 3170, 2925, 6211, 39, 3054, 729, 7110, 5947, 3294, 2564, 5088, 2218, 521, 4071, 8050, 1024, 1038, 6168, 3319, 8059]
[6600, 9138, 2532, 703, 2306, 2583, 3404, 6282, 9013, 1901, 5685, 1832, 9957, 7104, 2883, 3452, 2218, 6314, 3214, 4543, 6266, 9786, 5610, 4309, 9221, 8599, 3426, 1173, 150, 1799, 5061, 551, 3080, 8919, 739, 8255, 3085, 8993, 5864, 3512, 4632, 2959, 9381, 7045, 2657, 2133, 1909, 8826, 7042, 3170, 2925, 6211, 39, 3054, 729, 7110, 5947, 3294, 2564, 5088, 2218, 521, 4071, 8050, 1024, 1038, 6168, 3319, 8059, 9176]
[6600, 9138, 2532, 703, 2306, 2583, 3404, 6282, 9013, 1901, 5685, 1832, 9957, 7104, 2883, 3452, 2218, 6314, 3214, 4543, 6266, 9786, 5610, 4309, 9221, 8599, 3426, 1173, 150, 1799, 5061, 551, 3080, 8919, 739, 8255, 3085, 8993, 5864, 3512, 4632, 2959, 9381, 7045, 2657, 2133, 1909, 8826, 7042, 3170, 2925, 6211, 39, 3054, 729, 7110, 5947, 3294, 2564, 5088, 2218, 521, 4071, 8050, 1024, 1038, 6168, 3319, 8059, 9176, 4925]
[6600, 9138, 2532, 703, 2306, 2583, 3404, 6282, 9013, 1901, 5685, 1832, 9957, 7104, 2883, 3452, 2218, 6314, 3214, 4543, 6266, 9786, 5610, 4309, 9221, 8599, 3426, 1173, 150, 1799, 5061, 551, 3080, 8919, 739, 8255, 3085, 8993, 5864, 3512, 4632, 2959, 9381, 7045, 2657, 2133, 1909, 8826, 7042, 3170, 2925, 6211, 39, 3054, 729, 7110, 5947, 3294, 2564, 5088, 2218, 521, 4071, 8050, 1024, 1038, 6168, 3319, 8059, 9176, 4925, 6470]
[6600, 9138, 2532, 703, 2306, 2583, 3404, 6282, 9013, 1901, 5685, 1832, 9957, 7104, 2883, 3452, 2218, 6314, 3214, 4543, 6266, 9786, 5610, 4309, 9221, 8599, 3426, 1173, 150, 1799, 5061, 551, 3080, 8919, 739, 8255, 3085, 8993, 5864, 3512, 4632, 2959, 9381, 7045, 2657, 2133, 1909, 8826, 7042, 3170, 2925, 6211, 39, 3054, 729, 7110, 5947, 3294, 2564, 5088, 2218, 521, 4071, 8050, 1024, 1038, 6168, 3319, 8059, 9176, 4925, 6470, 8487]
[6600, 9138, 2532, 703, 2306, 2583, 3404, 6282, 9013, 1901, 5685, 1832, 9957, 7104, 2883, 3452, 2218, 6314, 3214, 4543, 6266, 9786, 5610, 4309, 9221, 8599, 3426, 1173, 150, 1799, 5061, 551, 3080, 8919, 739, 8255, 3085, 8993, 5864, 3512, 4632, 2959, 9381, 7045, 2657, 2133, 1909, 8826, 7042, 3170, 2925, 6211, 39, 3054, 729, 7110, 5947, 3294, 2564, 5088, 2218, 521, 4071, 8050, 1024, 1038, 6168, 3319, 8059, 9176, 4925, 6470, 8487, 7405]
[6600, 9138, 2532, 703, 2306, 2583, 3404, 6282, 9013, 1901, 5685, 1832, 9957, 7104, 2883, 3452, 2218, 6314, 3214, 4543, 6266, 9786, 5610, 4309, 9221, 8599, 3426, 1173, 150, 1799, 5061, 551, 3080, 8919, 739, 8255, 3085, 8993, 5864, 3512, 4632, 2959, 9381, 7045, 2657, 2133, 1909, 8826, 7042, 3170, 2925, 6211, 39, 3054, 729, 7110, 5947, 3294, 2564, 5088, 2218, 521, 4071, 8050, 1024, 1038, 6168, 3319, 8059, 9176, 4925, 6470, 8487, 7405, 8309]
[6600, 9138, 2532, 703, 2306, 2583, 3404, 6282, 9013, 1901, 5685, 1832, 9957, 7104, 2883, 3452, 2218, 6314, 3214, 4543, 6266, 9786, 5610, 4309, 9221, 8599, 3426, 1173, 150, 1799, 5061, 551, 3080, 8919, 739, 8255, 3085, 8993, 5864, 3512, 4632, 2959, 9381, 7045, 2657, 2133, 1909, 8826, 7042, 3170, 2925, 6211, 39, 3054, 729, 7110, 5947, 3294, 2564, 5088, 2218, 521, 4071, 8050, 1024, 1038, 6168, 3319, 8059, 9176, 4925, 6470, 8487, 7405, 8309, 710]
[6600, 9138, 2532, 703, 2306, 2583, 3404, 6282, 9013, 1901, 5685, 1832, 9957, 7104, 2883, 3452, 2218, 6314, 3214, 4543, 6266, 9786, 5610, 4309, 9221, 8599, 3426, 1173, 150, 1799, 5061, 551, 3080, 8919, 739, 8255, 3085, 8993, 5864, 3512, 4632, 2959, 9381, 7045, 2657, 2133, 1909, 8826, 7042, 3170, 2925, 6211, 39, 3054, 729, 7110, 5947, 3294, 2564, 5088, 2218, 521, 4071, 8050, 1024, 1038, 6168, 3319, 8059, 9176, 4925, 6470, 8487, 7405, 8309, 710, 699]
[6600, 9138, 2532, 703, 2306, 2583, 3404, 6282, 9013, 1901, 5685, 1832, 9957, 7104, 2883, 3452, 2218, 6314, 3214, 4543, 6266, 9786, 5610, 4309, 9221, 8599, 3426, 1173, 150, 1799, 5061, 551, 3080, 8919, 739, 8255, 3085, 8993, 5864, 3512, 4632, 2959, 9381, 7045, 2657, 2133, 1909, 8826, 7042, 3170, 2925, 6211, 39, 3054, 729, 7110, 5947, 3294, 2564, 5088, 2218, 521, 4071, 8050, 1024, 1038, 6168, 3319, 8059, 9176, 4925, 6470, 8487, 7405, 8309, 710, 699, 497]
[6600, 9138, 2532, 703, 2306, 2583, 3404, 6282, 9013, 1901, 5685, 1832, 9957, 7104, 2883, 3452, 2218, 6314, 3214, 4543, 6266, 9786, 5610, 4309, 9221, 8599, 3426, 1173, 150, 1799, 5061, 551, 3080, 8919, 739, 8255, 3085, 8993, 5864, 3512, 4632, 2959, 9381, 7045, 2657, 2133, 1909, 8826, 7042, 3170, 2925, 6211, 39, 3054, 729, 7110, 5947, 3294, 2564, 5088, 2218, 521, 4071, 8050, 1024, 1038, 6168, 3319, 8059, 9176, 4925, 6470, 8487, 7405, 8309, 710, 699, 497, 8931]
[6600, 9138, 2532, 703, 2306, 2583, 3404, 6282, 9013, 1901, 5685, 1832, 9957, 7104, 2883, 3452, 2218, 6314, 3214, 4543, 6266, 9786, 5610, 4309, 9221, 8599, 3426, 1173, 150, 1799, 5061, 551, 3080, 8919, 739, 8255, 3085, 8993, 5864, 3512, 4632, 2959, 9381, 7045, 2657, 2133, 1909, 8826, 7042, 3170, 2925, 6211, 39, 3054, 729, 7110, 5947, 3294, 2564, 5088, 2218, 521, 4071, 8050, 1024, 1038, 6168, 3319, 8059, 9176, 4925, 6470, 8487, 7405, 8309, 710, 699, 497, 8931, 3089]
[6600, 9138, 2532, 703, 2306, 2583, 3404, 6282, 9013, 1901, 5685, 1832, 9957, 7104, 2883, 3452, 2218, 6314, 3214, 4543, 6266, 9786, 5610, 4309, 9221, 8599, 3426, 1173, 150, 1799, 5061, 551, 3080, 8919, 739, 8255, 3085, 8993, 5864, 3512, 4632, 2959, 9381, 7045, 2657, 2133, 1909, 8826, 7042, 3170, 2925, 6211, 39, 3054, 729, 7110, 5947, 3294, 2564, 5088, 2218, 521, 4071, 8050, 1024, 1038, 6168, 3319, 8059, 9176, 4925, 6470, 8487, 7405, 8309, 710, 699, 497, 8931, 3089, 3236]
[6600, 9138, 2532, 703, 2306, 2583, 3404, 6282, 9013, 1901, 5685, 1832, 9957, 7104, 2883, 3452, 2218, 6314, 3214, 4543, 6266, 9786, 5610, 4309, 9221, 8599, 3426, 1173, 150, 1799, 5061, 551, 3080, 8919, 739, 8255, 3085, 8993, 5864, 3512, 4632, 2959, 9381, 7045, 2657, 2133, 1909, 8826, 7042, 3170, 2925, 6211, 39, 3054, 729, 7110, 5947, 3294, 2564, 5088, 2218, 521, 4071, 8050, 1024, 1038, 6168, 3319, 8059, 9176, 4925, 6470, 8487, 7405, 8309, 710, 699, 497, 8931, 3089, 3236, 7278]
[6600, 9138, 2532, 703, 2306, 2583, 3404, 6282, 9013, 1901, 5685, 1832, 9957, 7104, 2883, 3452, 2218, 6314, 3214, 4543, 6266, 9786, 5610, 4309, 9221, 8599, 3426, 1173, 150, 1799, 5061, 551, 3080, 8919, 739, 8255, 3085, 8993, 5864, 3512, 4632, 2959, 9381, 7045, 2657, 2133, 1909, 8826, 7042, 3170, 2925, 6211, 39, 3054, 729, 7110, 5947, 3294, 2564, 5088, 2218, 521, 4071, 8050, 1024, 1038, 6168, 3319, 8059, 9176, 4925, 6470, 8487, 7405, 8309, 710, 699, 497, 8931, 3089, 3236, 7278, 1523]
[6600, 9138, 2532, 703, 2306, 2583, 3404, 6282, 9013, 1901, 5685, 1832, 9957, 7104, 2883, 3452, 2218, 6314, 3214, 4543, 6266, 9786, 5610, 4309, 9221, 8599, 3426, 1173, 150, 1799, 5061, 551, 3080, 8919, 739, 8255, 3085, 8993, 5864, 3512, 4632, 2959, 9381, 7045, 2657, 2133, 1909, 8826, 7042, 3170, 2925, 6211, 39, 3054, 729, 7110, 5947, 3294, 2564, 5088, 2218, 521, 4071, 8050, 1024, 1038, 6168, 3319, 8059, 9176, 4925, 6470, 8487, 7405, 8309, 710, 699, 497, 8931, 3089, 3236, 7278, 1523, 1274]
[6600, 9138, 2532, 703, 2306, 2583, 3404, 6282, 9013, 1901, 5685, 1832, 9957, 7104, 2883, 3452, 2218, 6314, 3214, 4543, 6266, 9786, 5610, 4309, 9221, 8599, 3426, 1173, 150, 1799, 5061, 551, 3080, 8919, 739, 8255, 3085, 8993, 5864, 3512, 4632, 2959, 9381, 7045, 2657, 2133, 1909, 8826, 7042, 3170, 2925, 6211, 39, 3054, 729, 7110, 5947, 3294, 2564, 5088, 2218, 521, 4071, 8050, 1024, 1038, 6168, 3319, 8059, 9176, 4925, 6470, 8487, 7405, 8309, 710, 699, 497, 8931, 3089, 3236, 7278, 1523, 1274, 7458]
[6600, 9138, 2532, 703, 2306, 2583, 3404, 6282, 9013, 1901, 5685, 1832, 9957, 7104, 2883, 3452, 2218, 6314, 3214, 4543, 6266, 9786, 5610, 4309, 9221, 8599, 3426, 1173, 150, 1799, 5061, 551, 3080, 8919, 739, 8255, 3085, 8993, 5864, 3512, 4632, 2959, 9381, 7045, 2657, 2133, 1909, 8826, 7042, 3170, 2925, 6211, 39, 3054, 729, 7110, 5947, 3294, 2564, 5088, 2218, 521, 4071, 8050, 1024, 1038, 6168, 3319, 8059, 9176, 4925, 6470, 8487, 7405, 8309, 710, 699, 497, 8931, 3089, 3236, 7278, 1523, 1274, 7458, 4262]
[6600, 9138, 2532, 703, 2306, 2583, 3404, 6282, 9013, 1901, 5685, 1832, 9957, 7104, 2883, 3452, 2218, 6314, 3214, 4543, 6266, 9786, 5610, 4309, 9221, 8599, 3426, 1173, 150, 1799, 5061, 551, 3080, 8919, 739, 8255, 3085, 8993, 5864, 3512, 4632, 2959, 9381, 7045, 2657, 2133, 1909, 8826, 7042, 3170, 2925, 6211, 39, 3054, 729, 7110, 5947, 3294, 2564, 5088, 2218, 521, 4071, 8050, 1024, 1038, 6168, 3319, 8059, 9176, 4925, 6470, 8487, 7405, 8309, 710, 699, 497, 8931, 3089, 3236, 7278, 1523, 1274, 7458, 4262, 9660]
[6600, 9138, 2532, 703, 2306, 2583, 3404, 6282, 9013, 1901, 5685, 1832, 9957, 7104, 2883, 3452, 2218, 6314, 3214, 4543, 6266, 9786, 5610, 4309, 9221, 8599, 3426, 1173, 150, 1799, 5061, 551, 3080, 8919, 739, 8255, 3085, 8993, 5864, 3512, 4632, 2959, 9381, 7045, 2657, 2133, 1909, 8826, 7042, 3170, 2925, 6211, 39, 3054, 729, 7110, 5947, 3294, 2564, 5088, 2218, 521, 4071, 8050, 1024, 1038, 6168, 3319, 8059, 9176, 4925, 6470, 8487, 7405, 8309, 710, 699, 497, 8931, 3089, 3236, 7278, 1523, 1274, 7458, 4262, 9660, 1540]
[6600, 9138, 2532, 703, 2306, 2583, 3404, 6282, 9013, 1901, 5685, 1832, 9957, 7104, 2883, 3452, 2218, 6314, 3214, 4543, 6266, 9786, 5610, 4309, 9221, 8599, 3426, 1173, 150, 1799, 5061, 551, 3080, 8919, 739, 8255, 3085, 8993, 5864, 3512, 4632, 2959, 9381, 7045, 2657, 2133, 1909, 8826, 7042, 3170, 2925, 6211, 39, 3054, 729, 7110, 5947, 3294, 2564, 5088, 2218, 521, 4071, 8050, 1024, 1038, 6168, 3319, 8059, 9176, 4925, 6470, 8487, 7405, 8309, 710, 699, 497, 8931, 3089, 3236, 7278, 1523, 1274, 7458, 4262, 9660, 1540, 7489]
[6600, 9138, 2532, 703, 2306, 2583, 3404, 6282, 9013, 1901, 5685, 1832, 9957, 7104, 2883, 3452, 2218, 6314, 3214, 4543, 6266, 9786, 5610, 4309, 9221, 8599, 3426, 1173, 150, 1799, 5061, 551, 3080, 8919, 739, 8255, 3085, 8993, 5864, 3512, 4632, 2959, 9381, 7045, 2657, 2133, 1909, 8826, 7042, 3170, 2925, 6211, 39, 3054, 729, 7110, 5947, 3294, 2564, 5088, 2218, 521, 4071, 8050, 1024, 1038, 6168, 3319, 8059, 9176, 4925, 6470, 8487, 7405, 8309, 710, 699, 497, 8931, 3089, 3236, 7278, 1523, 1274, 7458, 4262, 9660, 1540, 7489, 9258]
[6600, 9138, 2532, 703, 2306, 2583, 3404, 6282, 9013, 1901, 5685, 1832, 9957, 7104, 2883, 3452, 2218, 6314, 3214, 4543, 6266, 9786, 5610, 4309, 9221, 8599, 3426, 1173, 150, 1799, 5061, 551, 3080, 8919, 739, 8255, 3085, 8993, 5864, 3512, 4632, 2959, 9381, 7045, 2657, 2133, 1909, 8826, 7042, 3170, 2925, 6211, 39, 3054, 729, 7110, 5947, 3294, 2564, 5088, 2218, 521, 4071, 8050, 1024, 1038, 6168, 3319, 8059, 9176, 4925, 6470, 8487, 7405, 8309, 710, 699, 497, 8931, 3089, 3236, 7278, 1523, 1274, 7458, 4262, 9660, 1540, 7489, 9258, 4509]
[6600, 9138, 2532, 703, 2306, 2583, 3404, 6282, 9013, 1901, 5685, 1832, 9957, 7104, 2883, 3452, 2218, 6314, 3214, 4543, 6266, 9786, 5610, 4309, 9221, 8599, 3426, 1173, 150, 1799, 5061, 551, 3080, 8919, 739, 8255, 3085, 8993, 5864, 3512, 4632, 2959, 9381, 7045, 2657, 2133, 1909, 8826, 7042, 3170, 2925, 6211, 39, 3054, 729, 7110, 5947, 3294, 2564, 5088, 2218, 521, 4071, 8050, 1024, 1038, 6168, 3319, 8059, 9176, 4925, 6470, 8487, 7405, 8309, 710, 699, 497, 8931, 3089, 3236, 7278, 1523, 1274, 7458, 4262, 9660, 1540, 7489, 9258, 4509, 1746]
[6600, 9138, 2532, 703, 2306, 2583, 3404, 6282, 9013, 1901, 5685, 1832, 9957, 7104, 2883, 3452, 2218, 6314, 3214, 4543, 6266, 9786, 5610, 4309, 9221, 8599, 3426, 1173, 150, 1799, 5061, 551, 3080, 8919, 739, 8255, 3085, 8993, 5864, 3512, 4632, 2959, 9381, 7045, 2657, 2133, 1909, 8826, 7042, 3170, 2925, 6211, 39, 3054, 729, 7110, 5947, 3294, 2564, 5088, 2218, 521, 4071, 8050, 1024, 1038, 6168, 3319, 8059, 9176, 4925, 6470, 8487, 7405, 8309, 710, 699, 497, 8931, 3089, 3236, 7278, 1523, 1274, 7458, 4262, 9660, 1540, 7489, 9258, 4509, 1746, 8192]
[6600, 9138, 2532, 703, 2306, 2583, 3404, 6282, 9013, 1901, 5685, 1832, 9957, 7104, 2883, 3452, 2218, 6314, 3214, 4543, 6266, 9786, 5610, 4309, 9221, 8599, 3426, 1173, 150, 1799, 5061, 551, 3080, 8919, 739, 8255, 3085, 8993, 5864, 3512, 4632, 2959, 9381, 7045, 2657, 2133, 1909, 8826, 7042, 3170, 2925, 6211, 39, 3054, 729, 7110, 5947, 3294, 2564, 5088, 2218, 521, 4071, 8050, 1024, 1038, 6168, 3319, 8059, 9176, 4925, 6470, 8487, 7405, 8309, 710, 699, 497, 8931, 3089, 3236, 7278, 1523, 1274, 7458, 4262, 9660, 1540, 7489, 9258, 4509, 1746, 8192, 9653]
[6600, 9138, 2532, 703, 2306, 2583, 3404, 6282, 9013, 1901, 5685, 1832, 9957, 7104, 2883, 3452, 2218, 6314, 3214, 4543, 6266, 9786, 5610, 4309, 9221, 8599, 3426, 1173, 150, 1799, 5061, 551, 3080, 8919, 739, 8255, 3085, 8993, 5864, 3512, 4632, 2959, 9381, 7045, 2657, 2133, 1909, 8826, 7042, 3170, 2925, 6211, 39, 3054, 729, 7110, 5947, 3294, 2564, 5088, 2218, 521, 4071, 8050, 1024, 1038, 6168, 3319, 8059, 9176, 4925, 6470, 8487, 7405, 8309, 710, 699, 497, 8931, 3089, 3236, 7278, 1523, 1274, 7458, 4262, 9660, 1540, 7489, 9258, 4509, 1746, 8192, 9653, 4782]
[6600, 9138, 2532, 703, 2306, 2583, 3404, 6282, 9013, 1901, 5685, 1832, 9957, 7104, 2883, 3452, 2218, 6314, 3214, 4543, 6266, 9786, 5610, 4309, 9221, 8599, 3426, 1173, 150, 1799, 5061, 551, 3080, 8919, 739, 8255, 3085, 8993, 5864, 3512, 4632, 2959, 9381, 7045, 2657, 2133, 1909, 8826, 7042, 3170, 2925, 6211, 39, 3054, 729, 7110, 5947, 3294, 2564, 5088, 2218, 521, 4071, 8050, 1024, 1038, 6168, 3319, 8059, 9176, 4925, 6470, 8487, 7405, 8309, 710, 699, 497, 8931, 3089, 3236, 7278, 1523, 1274, 7458, 4262, 9660, 1540, 7489, 9258, 4509, 1746, 8192, 9653, 4782, 325]
[6600, 9138, 2532, 703, 2306, 2583, 3404, 6282, 9013, 1901, 5685, 1832, 9957, 7104, 2883, 3452, 2218, 6314, 3214, 4543, 6266, 9786, 5610, 4309, 9221, 8599, 3426, 1173, 150, 1799, 5061, 551, 3080, 8919, 739, 8255, 3085, 8993, 5864, 3512, 4632, 2959, 9381, 7045, 2657, 2133, 1909, 8826, 7042, 3170, 2925, 6211, 39, 3054, 729, 7110, 5947, 3294, 2564, 5088, 2218, 521, 4071, 8050, 1024, 1038, 6168, 3319, 8059, 9176, 4925, 6470, 8487, 7405, 8309, 710, 699, 497, 8931, 3089, 3236, 7278, 1523, 1274, 7458, 4262, 9660, 1540, 7489, 9258, 4509, 1746, 8192, 9653, 4782, 325, 2611]
[6600, 9138, 2532, 703, 2306, 2583, 3404, 6282, 9013, 1901, 5685, 1832, 9957, 7104, 2883, 3452, 2218, 6314, 3214, 4543, 6266, 9786, 5610, 4309, 9221, 8599, 3426, 1173, 150, 1799, 5061, 551, 3080, 8919, 739, 8255, 3085, 8993, 5864, 3512, 4632, 2959, 9381, 7045, 2657, 2133, 1909, 8826, 7042, 3170, 2925, 6211, 39, 3054, 729, 7110, 5947, 3294, 2564, 5088, 2218, 521, 4071, 8050, 1024, 1038, 6168, 3319, 8059, 9176, 4925, 6470, 8487, 7405, 8309, 710, 699, 497, 8931, 3089, 3236, 7278, 1523, 1274, 7458, 4262, 9660, 1540, 7489, 9258, 4509, 1746, 8192, 9653, 4782, 325, 2611, 511]
[6600, 9138, 2532, 703, 2306, 2583, 3404, 6282, 9013, 1901, 5685, 1832, 9957, 7104, 2883, 3452, 2218, 6314, 3214, 4543, 6266, 9786, 5610, 4309, 9221, 8599, 3426, 1173, 150, 1799, 5061, 551, 3080, 8919, 739, 8255, 3085, 8993, 5864, 3512, 4632, 2959, 9381, 7045, 2657, 2133, 1909, 8826, 7042, 3170, 2925, 6211, 39, 3054, 729, 7110, 5947, 3294, 2564, 5088, 2218, 521, 4071, 8050, 1024, 1038, 6168, 3319, 8059, 9176, 4925, 6470, 8487, 7405, 8309, 710, 699, 497, 8931, 3089, 3236, 7278, 1523, 1274, 7458, 4262, 9660, 1540, 7489, 9258, 4509, 1746, 8192, 9653, 4782, 325, 2611, 511, 7454]
